Timestamp,Cur_CF1_X,Cur_CF1_Y,Cur_CF1_Z,Cur_CF2_X,Cur_CF2_Y,Cur_CF2_Z,Cur_Cluster_X,Cur_Cluster_Y,Cur_Cluster_Z,Cur_Alpha,Cur_Beta,Cur_Phi1,Cur_Phi2,Cur_P,Des_Cluster_X,Des_Cluster_Y,Des_Cluster_Z,Des_Alpha,Des_Beta,Des_Phi1,Des_Phi2,Des_P,Des_CF1_X,Des_CF1_Y,Des_CF1_Z,Safe_CF1_X,Safe_CF1_Y,Safe_CF1_Z,Des_CF2_X,Des_CF2_Y,Des_CF2_Z,Safe_CF2_X,Safe_CF2_Y,Safe_CF2_Z
2025-07-07 14:08:33.376939,0.9881572127342224,0.09246696531772614,0.9757838845252991,2.028791666030884,0.09732097387313843,1.0020431280136108,1.508474439382553,0.09489396959543228,0.988913506269455,1.5455678020030386,0.004662952217973143,1.5455678020030386,1.5455678020030386,1.0409770288799247,1.5,1.0,1,1.5707963267948966,0,0,0,1,0.9998219908261661,1.0000955190273957,1.0005349417163103,0.8203496483656243,1.0270657060037918,1.5970953931009313,2.000178009173834,0.9999044809726042,0.9994862366277787,2.1796503516343755,0.9729342939962082,0.7567762372647784
2025-07-07 14:08:33.477331,0.9881661534309387,0.09224144369363785,0.9758051633834839,2.0287115573883057,0.09722111374139786,1.002068281173706,1.5084388554096222,0.09473127871751785,0.988936722278595,1.545561922907412,0.004784074456949159,1.545561922907412,1.545561922907412,1.0408887001820355,1.5,1.0,1,1.5707963267948966,0,0,0,1,0.9998216305223596,1.0000977879246817,1.0005338444237177,0.8203496483656243,1.0270657060037918,1.5970953931009313,2.0001783694776405,0.9999022120753183,0.9994872476170342,2.1796503516343755,0.9729342939962082,0.7567762372647784
2025-07-07 14:08:33.577846,0.988288402557373,0.09175148606300354,0.9760555028915405,2.0286576747894287,0.0971229299902916,1.0021162033081055,1.5084730386734009,0.09443720802664757,0.989085853099823,1.5457520926544914,0.005161351795359979,1.5457520926544914,1.5457520926544914,1.040709486418147,1.5,1.0,1,1.5707963267948966,0,0,0,1,0.9998232602547027,1.0001050336751045,1.0005273873538976,0.9998220256552615,1.0000968990709433,1.0005321879178637,2.000176739745297,0.9998949663248955,0.9994933626327557,2.0001779743447385,0.9999031009290567,0.9994887940061715
2025-07-07 14:08:33.678077,0.988134503364563,0.09300192445516586,0.975506067276001,2.028785228729248,0.09742771089076996,1.002026081085205,1.5084598660469055,0.09521481767296791,0.988766074180603,1.5453177734565438,0.00425149690860317,1.5453177734565438,1.5453177734565438,1.040997997558141,1.5,1.0,1,1.5707963267948966,0,0,0,1,0.9998195468756875,1.0000871378345275,1.0005405246534285,0.9998220256552615,1.0000968990709433,1.0005321879178637,2.0001804531243126,0.9999128621654724,0.9994808854687964,2.0001779743447385,0.9999031009290567,0.9994887940061715
2025-07-07 14:08:33.778422,0.9882505536079407,0.09170444309711456,0.9760880470275879,2.028557062149048,0.09704948216676712,1.0021278858184814,1.5084038078784943,0.09437696263194084,0.9891079664230347,1.545770623098268,0.005136292393859334,1.545770623098268,1.545770623098268,1.0406460850644184,1.5,1.0,1,1.5707963267948966,0,0,0,1,0.9998236013967495,1.000104361128074,1.000526147086026,0.9998220256552615,1.0000968990709433,1.0005321879178637,2.0001763986032506,0.999895638871926,0.9994945230190462,2.0001779743447385,0.9999031009290567,0.9994887940061715
2025-07-07 14:08:33.878688,0.988166332244873,0.09277626872062683,0.9755818843841553,2.0289125442504883,0.09733555465936661,1.0019844770431519,1.5085394382476807,0.09505591168999672,0.9887831807136536,1.545432861169665,0.004379348510195194,1.545432861169665,1.545432861169665,1.0410910439492913,1.5,1.0,1,1.5707963267948966,0,0,0,1,0.9998208000834531,1.0000899611399043,1.0005393709193289,0.9998218868457766,1.000097076204481,1.000532713421431,2.000179199916547,0.9999100388600957,0.9994820393543773,2.0001781131542233,0.999902923795519,0.999488301904284
2025-07-07 14:08:33.979756,0.9881181120872498,0.09272389858961105,0.9756119251251221,2.028780698776245,0.09729015827178955,1.0020313262939453,1.5084494054317474,0.0950070284307003,0.9888216257095337,1.5454146825506097,0.004386397365853674,1.5454146825506097,1.5454146825506097,1.0410079033416773,1.5,1.0,1,1.5707963267948966,0,0,0,1,0.99982056147348,1.0000899235483307,1.0005386111545318,0.9998218868457766,1.000097076204481,1.000532713421431,2.00017943852652,0.9999100764516694,0.9994827278461617,2.0001781131542233,0.999902923795519,0.999488301904284
2025-07-07 14:08:34.079832,0.9881837964057922,0.09269998967647552,0.97564697265625,2.028790235519409,0.09730461984872818,1.0020359754562378,1.5084870159626007,0.09500230476260185,0.9888414740562439,1.5454425070028963,0.0044234977694703045,1.5454425070028963,1.5454425070028963,1.0409511723479266,1.5,1.0,1,1.5707963267948966,0,0,0,1,0.9998208736658112,1.0000905583976474,1.0005372447838428,0.9998218868457766,1.000097076204481,1.000532713421431,2.0001791263341886,0.9999094416023527,0.9994840118897301,2.0001781131542233,0.999902923795519,0.999488301904284
2025-07-07 14:08:34.179959,0.9882248640060425,0.09235646575689316,0.975813090801239,2.0287246704101562,0.09734959155321121,1.0020527839660645,1.5084747672080994,0.09485302865505219,0.9889329373836517,1.5455833160739896,0.004797214285146214,1.5455833160739896,1.5455833160739896,1.0408425913314656,1.5,1.0,1,1.5707963267948966,0,0,0,1,0.999821903462031,1.0000979458041552,1.0005327664040475,0.9998218868457766,1.000097076204481,1.000532713421431,2.000178096537969,0.9999020541958449,0.9994882602553171,2.0001781131542233,0.999902923795519,0.999488301904284
2025-07-07 14:08:34.280042,0.988281786441803,0.09177715331315994,0.9760526418685913,2.028639554977417,0.09715425223112106,1.0021153688430786,1.50846067070961,0.0944657027721405,0.989084005355835,1.545749869123453,0.0051668423495696,1.545749869123453,1.545749869123453,1.0406980664354684,1.5,1.0,1,1.5707963267948966,0,0,0,1,0.9998232185705584,1.0001051158540133,1.0005272783243355,0.999821736904713,1.0000983789149789,1.0005328439605818,2.0001767814294413,0.9998948841459867,0.999493461862481,2.000178263095287,0.999901621085021,0.9994881826701195
2025-07-07 14:08:34.380363,0.988172709941864,0.09298675507307053,0.9755279421806335,2.0288124084472656,0.09733185172080994,1.001941204071045,1.5084925591945648,0.09515930339694023,0.9887345731258392,1.5454200202622759,0.004174040712914422,1.5454200202622759,1.5454200202622759,1.0409839203244124,1.5,1.0,1,1.5707963267948966,0,0,0,1,0.9998211339389709,1.00008552141046,1.0005381944594558,0.999821736904713,1.0000983789149789,1.0005328439605818,2.000178866061029,0.9999144785895401,0.9994831151268081,2.000178263095287,0.999901621085021,0.9994881826701195
2025-07-07 14:08:34.481195,0.9881343245506287,0.09161002188920975,0.976119875907898,2.028507709503174,0.09702170640230179,1.0021536350250244,1.5083210170269012,0.09431586414575577,0.9891367554664612,1.5457780711924514,0.005200000591492606,1.5457780711924514,1.5457780711924514,1.0407131319728096,1.5,1.0,1,1.5707963267948966,0,0,0,1,0.9998235023894456,1.0001058292894136,1.000526890030465,0.9998226656385786,1.000102568701887,1.0005326052718795,2.0001764976105543,0.9998941707105865,0.9994938421450971,2.0001773343614215,0.9998974312981131,0.9994884861512952
2025-07-07 14:08:34.581682,0.9881411790847778,0.09294944256544113,0.9755533933639526,2.0286974906921387,0.09732996672391891,1.0020291805267334,1.5084193348884583,0.09513970464468002,0.988791286945343,1.5453579380299134,0.004208403706446593,1.5453579380299134,1.5453579380299134,1.040902297972152,1.5,1.0,1,1.5707963267948966,0,0,0,1,0.9998202302000962,1.000086053506799,1.0005383702264221,0.9998226656385786,1.000102568701887,1.0005326052718795,2.0001797697999035,0.999913946493201,0.9994829064767385,2.0001773343614215,0.9998974312981131,0.9994884861512952
2025-07-07 14:08:34.681931,0.988151490688324,0.09242494404315948,0.975756824016571,2.028785467147827,0.09732574969530106,1.002018928527832,1.5084684789180756,0.09487534686923027,0.9888878762722015,1.5455650428898293,0.004707908524616382,1.5455650428898293,1.5455650428898293,1.040976843638377,1.5,1.0,1,1.5707963267948966,0,0,0,1,0.999821839397542,1.0000964391554863,1.0005349914260302,0.9998209701900269,1.0000847635182497,1.0005386222253252,2.000178160602458,0.9999035608445137,0.9994861890377729,2.0001790298099733,0.9999152364817504,0.9994827059909588
2025-07-07 14:08:34.787524,0.988059937953949,0.09238186478614807,0.975777268409729,2.0286591053009033,0.09723997116088867,1.002066969871521,1.5083595216274261,0.09481091797351837,0.988922119140625,1.5455376958837053,0.004667043388698362,1.5455376958837053,1.5455376958837053,1.040942542450674,1.5,1.0,1,1.5707963267948966,0,0,0,1,0.9998215808921993,1.0000955223281993,1.0005351017114794,0.9998209701900269,1.0000847635182497,1.0005386222253252,2.000178419107801,0.9999044776718006,0.999486066224657,2.0001790298099733,0.9999152364817504,0.9994827059909588
2025-07-07 14:08:34.887545,0.9882079362869263,0.09301979094743729,0.9755937457084656,2.028780698776245,0.09748151153326035,1.0020586252212524,1.5084943175315857,0.09525065124034882,0.988826185464859,1.545368815596583,0.0042863422214783065,1.545368815596583,1.545368815596583,1.0409188108747314,1.5,1.0,1,1.5707963267948966,0,0,0,1,0.9998201954134373,1.0000876820824693,1.0005383606113112,0.9998209701900269,1.0000847635182497,1.0005386222253252,2.000179804586563,0.9999123179175308,0.9994829241643559,2.0001790298099733,0.9999152364817504,0.9994827059909588
2025-07-07 14:08:34.987583,0.9881689548492432,0.09154590219259262,0.9760707020759583,2.0285205841064453,0.09694833308458328,1.0020886659622192,1.5083447694778442,0.09424711763858795,0.9890796840190887,1.5457927213253362,0.005191219552043232,1.5457927213253362,1.5457927213253362,1.0406909402903652,1.5,1.0,1,1.5707963267948966,0,0,0,1,0.999823732326782,1.0001055930631895,1.0005262860290494,0.9998209701900269,1.0000847635182497,1.0005386222253252,2.000176267673218,0.9998944069368105,0.999494411427923,2.0001790298099733,0.9999152364817504,0.9994827059909588
2025-07-07 14:08:35.087801,0.9882845878601074,0.09310050308704376,0.9755474925041199,2.0289146900177,0.09754582494497299,1.0020229816436768,1.5085996389389038,0.09532316401600838,0.9887852370738983,1.5453600272771206,0.004270352010760656,1.5453600272771206,1.5453600272771206,1.0409763311085038,1.5,1.0,1,1.5707963267948966,0,0,0,1,0.99982009239719,1.0000874779022948,1.0005393377139529,0.999820340562943,1.0000883550474882,1.0005383455944283,2.00017990760281,0.9999125220977053,0.9994820143215439,2.000179659437057,0.9999116449525117,0.9994829504871992
2025-07-07 14:08:35.188685,0.988130509853363,0.09160995483398438,0.9761485457420349,2.028486490249634,0.09700924158096313,1.002165675163269,1.5083085000514984,0.09430959820747375,0.989157110452652,1.545793627450076,0.005188176802597101,1.545793627450076,1.545793627450076,1.0406952528319628,1.5,1.0,1,1.5707963267948966,0,0,0,1,0.9998237516967305,1.0001055423874607,1.0005263258569788,0.999820340562943,1.0000883550474882,1.0005383455944283,2.0001762483032692,0.9998944576125391,0.99949437523763,2.000179659437057,0.9999116449525117,0.9994829504871992
2025-07-07 14:08:35.289500,0.9882318377494812,0.09279388934373856,0.9755624532699585,2.0287773609161377,0.09741973876953125,1.0020672082901,1.5085045993328094,0.0951068140566349,0.9888148307800293,1.54532985332185,0.004444129480791325,1.54532985332185,1.54532985332185,1.0408933116817298,1.5,1.0,1,1.5707963267948966,0,0,0,1,0.9998192955936798,1.0000908520599006,1.0005388068356027,0.999820340562943,1.0000883550474882,1.0005383455944283,2.0001807044063202,0.9999091479400994,0.9994824839725256,2.000179659437057,0.9999116449525117,0.9994829504871992
2025-07-07 14:08:35.389775,0.9882938265800476,0.0917779803276062,0.9760643839836121,2.0286478996276855,0.0971611738204956,1.002134919166565,1.5084708631038666,0.0944695770740509,0.9890996515750885,1.5457422795632383,0.0051727158988301904,1.5457422795632383,1.5457422795632383,1.0406945992382768,1.5,1.0,1,1.5707963267948966,0,0,0,1,0.9998231005397253,1.000105226324488,1.0005273886533816,0.999820340562943,1.0000883550474882,1.0005383455944283,2.0001768994602744,0.9998947736755119,0.9994933542814025,2.000179659437057,0.9999116449525117,0.9994829504871992
2025-07-07 14:08:35.490407,0.9881266951560974,0.09294680505990982,0.9755685329437256,2.028731346130371,0.09741252660751343,1.0020544528961182,1.5084290206432343,0.09517966583371162,0.9888114929199219,1.5453493881095852,0.004290052280807936,1.5453493881095852,1.5453493881095852,1.040951241055005,1.5,1.0,1,1.5707963267948966,0,0,0,1,0.9998199087982853,1.0000878275148164,1.0005392133123714,0.9998200340778794,1.0000883223938433,1.000538734898308,2.000180091201715,0.9999121724851835,0.9994821214993683,2.0001799659221207,0.9999116776061567,0.9994825737261512
2025-07-07 14:08:35.591030,0.9883031249046326,0.09174541383981705,0.9760421514511108,2.0286662578582764,0.09717569500207901,1.0020955801010132,1.5084846913814545,0.09446055442094803,0.989068865776062,1.545758930188824,0.005217918405833073,1.545758930188824,1.545758930188824,1.0407034724199962,1.5,1.0,1,1.5707963267948966,0,0,0,1,0.9998231961851823,1.0001061685756187,1.0005271556920425,0.9998200340778794,1.0000883223938433,1.000538734898308,2.0001768038148175,0.9998938314243813,0.9994935824959302,2.0001799659221207,0.9999116776061567,0.9994825737261512
2025-07-07 14:08:35.691341,0.9881417751312256,0.09291445463895798,0.9755713939666748,2.0288522243499756,0.09732205420732498,1.0019774436950684,1.5084460079669952,0.09488830342888832,0.9889200925827026,1.5455728804613322,0.004679849966897017,1.5455728804613322,1.5455728804613322,1.0408912379732322,1.5,1.0,1,1.5707963267948966,0,0,0,1,0.9998220456710821,1.0000956642993777,1.0005336629026942,0.9998200340778794,1.0000883223938433,1.000538734898308,2.000177954328918,0.9999043357006222,0.9994874226087219,2.0001799659221207,0.9999116776061567,0.9994825737261512
2025-07-07 14:08:35.797291,0.9882811903953552,0.0917670875787735,0.9760565757751465,2.028630256652832,0.09715535491704941,1.002113699913025,1.5084557235240936,0.09446122124791145,0.9890851378440857,1.545755041861449,0.005177617847424826,1.545755041861449,1.545755041861449,1.0406892844677749,1.5,1.0,1,1.5707963267948966,0,0,0,1,0.9998232613552435,1.0001053122375143,1.0005270502292392,0.9998200340778794,1.0000883223938433,1.000538734898308,2.0001767386447566,0.9998946877624857,0.9994936767259724,2.0001799659221207,0.9999116776061567,0.9994825737261512
2025-07-07 14:08:35.897769,0.9880663752555847,0.09281625598669052,0.9755668640136719,2.0287201404571533,0.09732452034950256,1.0020430088043213,1.508393257856369,0.09507038816809654,0.9888049364089966,1.545359975784213,0.004330717838574244,1.545359975784213,1.545359975784213,1.0410002736400898,1.5,1.0,1,1.5707963267948966,0,0,0,1,0.9998199434135822,1.0000887659385174,1.0005396611383304,0.9998241451648641,1.0001052447152692,1.000527194037266,2.0001800565864176,0.9999112340614826,0.999481715894225,2.000175854835136,0.9998947552847308,0.9994935914098966
2025-07-07 14:08:35.998742,0.988121747970581,0.09285710006952286,0.9756004214286804,2.028874158859253,0.09733860939741135,1.0020177364349365,1.508497953414917,0.0950978547334671,0.9888090789318085,1.545418875407758,0.004304615206536868,1.545418875407758,1.545418875407758,1.0410972765445978,1.5,1.0,1,1.5707963267948966,0,0,0,1,0.9998207815039561,1.000088439867413,1.000539759449616,0.9998241451648641,1.0001052447152692,1.000527194037266,2.0001792184960436,0.999911560132587,0.9994816691334236,2.000175854835136,0.9998947552847308,0.9994935914098966
2025-07-07 14:08:36.099364,0.9880148768424988,0.09268505126237869,0.9756066203117371,2.028716802597046,0.09718511253595352,1.002057433128357,1.5083658397197723,0.09493508189916611,0.988832026720047,1.5453854779040122,0.0043226406631393585,1.5453854779040122,1.5453854779040122,1.0410477387321624,1.5,1.0,1,1.5707963267948966,0,0,0,1,0.9998202971767041,1.0000887030218784,1.0005397791852677,0.9998241451648641,1.0001052447152692,1.000527194037266,2.000179702823296,0.9999112969781218,0.9994816258947712,2.000175854835136,0.9998947552847308,0.9994935914098966
2025-07-07 14:08:36.199836,0.988196849822998,0.09268330782651901,0.9755910038948059,2.0288124084472656,0.09735690802335739,1.0020095109939575,1.5085046291351318,0.0950201079249382,0.9888002574443817,1.5454143946025733,0.004489711287139152,1.5454143946025733,1.5454143946025733,1.0409613445786756,1.5,1.0,1,1.5707963267948966,0,0,0,1,0.9998203251626814,1.0000919362952483,1.0005379657429185,0.9998241451648641,1.0001052447152692,1.000527194037266,2.0001796748373186,0.9999080637047518,0.9994833250620769,2.000175854835136,0.9998947552847308,0.9994935914098966
2025-07-07 14:08:36.300404,0.9881513714790344,0.0921509638428688,0.9758533239364624,2.0287060737609863,0.09711121767759323,1.0020709037780762,1.5084287226200104,0.09463109076023102,0.9889621138572693,1.5456058836391617,0.004765383872867083,1.5456058836391617,1.5456058836391617,1.0408967547513719,1.5,1.0,1,1.5707963267948966,0,0,0,1,0.9998222753923786,1.0000974252252979,1.0005330363965688,0.9998215455183042,1.0000975773215646,1.0005331808032416,2.0001777246076213,0.9999025747747021,0.9994880272055883,2.000178454481696,0.9999024226784355,0.9994878548708807
2025-07-07 14:08:36.401156,0.9881876707077026,0.09297215193510056,0.9755443334579468,2.028789758682251,0.09744687378406525,1.0020556449890137,1.5084887146949768,0.0952095128595829,0.9887999892234802,1.5453249404203158,0.00429870633994571,1.5453249404203158,1.5453249404203158,1.0409493639326135,1.5,1.0,1,1.5707963267948966,0,0,0,1,0.9998195527577156,1.0000880005927864,1.0005396988779418,0.9998215455183042,1.0000975773215646,1.0005331808032416,2.0001804472422844,0.9999119994072136,0.9994816544678873,2.000178454481696,0.9999024226784355,0.9994878548708807
2025-07-07 14:08:36.502317,0.9882552027702332,0.09170065075159073,0.9760789275169373,2.0285847187042236,0.09710250794887543,1.0021286010742188,1.5084199607372284,0.09440157935023308,0.989103764295578,1.5457617287332905,0.005190774601711444,1.5457617287332905,1.5457617287332905,1.0406696244616116,1.5,1.0,1,1.5707963267948966,0,0,0,1,0.9998233214294096,1.0001055286947407,1.0005266431371465,0.9998215455183042,1.0000975773215646,1.0005331808032416,2.0001766785705906,0.9998944713052593,0.9994940582637414,2.000178454481696,0.9999024226784355,0.9994878548708807
2025-07-07 14:08:36.607220,0.9882341623306274,0.09276732802391052,0.9756028056144714,2.028855800628662,0.09737879037857056,1.0020338296890259,1.5085449814796448,0.09507305920124054,0.9888183176517487,1.5454025222165022,0.004429991908931596,1.5454025222165022,1.5454025222165022,1.040967462850191,1.5,1.0,1,1.5707963267948966,0,0,0,1,0.9998203040747966,1.000090727384464,1.0005383058687993,0.9998215455183042,1.0000975773215646,1.0005331808032416,2.0001796959252034,0.9999092726155362,0.9994830012622296,2.000178454481696,0.9999024226784355,0.9994878548708807
2025-07-07 14:08:36.707957,0.9881429672241211,0.09203348308801651,0.9758451581001282,2.028581142425537,0.09701108932495117,1.0021162033081055,1.508362054824829,0.09452228620648384,0.9889806807041168,1.545551708871096,0.004782583347607539,1.545551708871096,1.545551708871096,1.0407816969934771,1.5,1.0,1,1.5707963267948966,0,0,0,1,0.9998215303003262,1.0000975015851175,1.0005325979493878,0.9998233329623114,1.0001045233598431,1.0005266555335577,2.000178469699674,0.9999024984148825,0.9994883923337574,2.000176667037689,0.9998954766401569,0.9994940394211782
2025-07-07 14:08:36.809219,0.9881901741027832,0.09291679412126541,0.9755410552024841,2.02874755859375,0.09730924665927887,1.002036690711975,1.5084688663482666,0.09511302039027214,0.9887888729572296,1.545338901871576,0.004219856862241642,1.545338901871576,1.545338901871576,1.040903925806331,1.5,1.0,1,1.5707963267948966,0,0,0,1,0.9998199416364276,1.0000862910636408,1.0005387898389995,0.9998233329623114,1.0001045233598431,1.0005266555335577,2.0001800583635725,0.9999137089363593,0.9994825044764098,2.000176667037689,0.9998954766401569,0.9994940394211782
2025-07-07 14:08:36.909917,0.9881764650344849,0.09156929701566696,0.976081132888794,2.028531074523926,0.0970369428396225,1.0021458864212036,1.5083537697792053,0.09430311992764473,0.9891135096549988,1.545747846374112,0.005253862768460396,1.545747846374112,1.545747846374112,1.0406954309563814,1.5,1.0,1,1.5707963267948966,0,0,0,1,0.9998229471205593,1.0001068784589429,1.0005272727189465,0.9998233329623114,1.0001045233598431,1.0005266555335577,2.0001770528794407,0.9998931215410571,0.9994934664468229,2.000176667037689,0.9998954766401569,0.9994940394211782
2025-07-07 14:08:37.011014,0.9882082343101501,0.09304475039243698,0.9755495190620422,2.0287363529205322,0.0973866656422615,1.0020132064819336,1.5084722936153412,0.09521570801734924,0.9887813627719879,1.5453688700197323,0.004171426439082156,1.5453688700197323,1.5453688700197323,1.0408736448766276,1.5,1.0,1,1.5707963267948966,0,0,0,1,0.999820473771156,1.000085237862065,1.0005377516045897,0.9998233329623114,1.0001045233598431,1.0005266555335577,2.000179526228844,0.9999147621379348,0.999483486173807,2.000176667037689,0.9998954766401569,0.9994940394211782
2025-07-07 14:08:37.117497,0.9880785942077637,0.09193970263004303,0.9758765697479248,2.0285534858703613,0.09698834270238876,1.0021427869796753,1.5083160400390625,0.0944640226662159,0.9890096783638,1.5455572365394603,0.004850662512853699,1.5455572365394603,1.5455572365394603,1.0408186216217212,1.5,1.0,1,1.5707963267948966,0,0,0,1,0.999821416373844,1.0000989784924301,1.0005329776146519,0.9998219908261661,1.0000955190273957,1.0005349417163103,2.000178583626156,0.9999010215075698,0.9994880460854472,2.000178009173834,0.9999044809726042,0.9994862366277787
2025-07-07 14:08:37.217744,0.9882113933563232,0.09297839552164078,0.9755280017852783,2.0288009643554688,0.09746644645929337,1.0020331144332886,1.508506178855896,0.09522242099046707,0.9887805581092834,1.5453305873884562,0.004311563445146917,1.5453305873884562,1.5453305873884562,1.0409367506577374,1.5,1.0,1,1.5707963267948966,0,0,0,1,0.9998196048233055,1.0000882365202455,1.0005394053308962,0.9998219908261661,1.0000955190273957,1.0005349417163103,2.0001803951766943,0.9999117634797546,0.9994819301311426,2.000178009173834,0.9999044809726042,0.9994862366277787
2025-07-07 14:08:37.318262,0.9881733655929565,0.09158682078123093,0.9760887622833252,2.0285136699676514,0.09698543697595596,1.0021381378173828,1.508343517780304,0.09428612887859344,0.989113450050354,1.5457622745238668,0.005187606575498877,1.5457622745238668,1.5457622745238668,1.0406803850985975,1.5,1.0,1,1.5707963267948966,0,0,0,1,0.9998233341781589,1.0001054922293782,1.0005267778128815,0.9998219908261661,1.0000955190273957,1.0005349417163103,2.000176665821841,0.9998945077706218,0.9994939340929568,2.000178009173834,0.9999044809726042,0.9994862366277787
2025-07-07 14:08:37.419309,0.9882387518882751,0.09316617250442505,0.9755143523216248,2.028902292251587,0.09751854091882706,1.0019912719726562,1.508570522069931,0.09534235671162605,0.9887528121471405,1.5453594705085758,0.004180923906077758,1.5453594705085758,1.5453594705085758,1.0410094017954516,1.5,1.0,1,1.5707963267948966,0,0,0,1,0.9998202779865403,1.0000857156644076,1.0005398145406623,0.9998219908261661,1.0000955190273957,1.0005349417163103,2.00017972201346,0.9999142843355925,0.9994815724499377,2.000178009173834,0.9999044809726042,0.9994862366277787
2025-07-07 14:08:37.520401,0.988108217716217,0.09136144816875458,0.9760999083518982,2.0284738540649414,0.09683965891599655,1.002135992050171,1.5082910358905792,0.09410055354237556,0.9891179502010345,1.5457756519449357,0.005263962292120476,1.5457756519449357,1.5457756519449357,1.0407057921154377,1.5,1.0,1,1.5707963267948966,0,0,0,1,0.9998232912915119,1.0001071110829927,1.0005268322880556,0.9998203654147698,1.0000858367677647,1.0005378880863331,2.000176708708488,0.9998928889170073,0.9994938944096006,2.0001796345852303,0.9999141632322353,0.9994833580000165
2025-07-07 14:08:37.621182,0.9884119629859924,0.09314792603254318,0.975520670413971,2.028960704803467,0.09760670363903046,1.0019991397857666,1.5086863338947296,0.09537731483578682,0.9887599050998688,1.5453551770312415,0.004283612353293422,1.5453551770312415,1.5453551770312415,1.0408951311904318,1.5,1.0,1,1.5707963267948966,0,0,0,1,0.999820022040471,1.00008757554076,1.000538320809288,0.9998203654147698,1.0000858367677647,1.0005378880863331,2.000179977959529,0.9999124244592398,0.9994829507396448,2.0001796345852303,0.9999141632322353,0.9994833580000165
2025-07-07 14:08:37.727569,0.9881327152252197,0.09155899286270142,0.9761627316474915,2.0284805297851562,0.09698119014501572,1.0021876096725464,1.508306622505188,0.09427009150385857,0.9891751706600189,1.5457859878490214,0.005210231046864139,1.5457859878490214,1.5457859878490214,1.0406874025177895,1.5,1.0,1,1.5707963267948966,0,0,0,1,0.9998235890584009,1.0001059703720094,1.0005263758177152,0.9998203654147698,1.0000858367677647,1.0005378880863331,2.000176410941599,0.9998940296279905,0.9994943236100877,2.0001796345852303,0.9999141632322353,0.9994833580000165
2025-07-07 14:08:37.828041,0.9882458448410034,0.0931825116276741,0.9755080342292786,2.028895378112793,0.09755335003137589,1.0020076036453247,1.5085706114768982,0.095367930829525,0.9887578189373016,1.5453373773426673,0.004198720286474984,1.5453373773426673,1.5453373773426673,1.0409960530695497,1.5,1.0,1,1.5707963267948966,0,0,0,1,0.9998199380635254,1.0000860523845159,1.0005400925163865,0.9998203654147698,1.0000858367677647,1.0005378880863331,2.0001800619364745,0.9999139476154842,0.9994812991113383,2.0001796345852303,0.9999141632322353,0.9994833580000165
2025-07-07 14:08:37.929407,0.9881435632705688,0.09124691039323807,0.9761452674865723,2.028463125228882,0.09682464599609375,1.0021487474441528,1.5083033442497253,0.09403577819466591,0.9891470074653625,1.54580586480215,0.005359834409813312,1.54580586480215,1.54580586480215,1.04065944626352,1.5,1.0,1,1.5707963267948966,0,0,0,1,0.9998234396777346,1.0001089367217817,1.0005255632906382,0.9998209524644096,1.0000897742274764,1.0005387335973528,2.0001765603222657,0.9998910632782183,0.9994950912606749,2.0001790475355903,0.9999102257725235,0.9994826352820254
2025-07-07 14:08:38.030071,0.9883711338043213,0.09306223690509796,0.9755425453186035,2.0289440155029297,0.09758137166500092,1.001999020576477,1.5086575746536255,0.09532180428504944,0.9887707829475403,1.5453768898545281,0.004341499302480358,1.5453768898545281,1.5453768898545281,1.0409189640834653,1.5,1.0,1,1.5707963267948966,0,0,0,1,0.9998201777767848,1.0000888103513854,1.0005381871900463,0.9998209524644096,1.0000897742274764,1.0005387335973528,2.000179822223215,0.9999111896486145,0.9994830909825804,2.0001790475355903,0.9999102257725235,0.9994826352820254
2025-07-07 14:08:38.130441,0.9881246089935303,0.09200047701597214,0.9759247899055481,2.0285894870758057,0.0970023050904274,1.0021451711654663,1.508357048034668,0.09450139105319977,0.9890349805355072,1.5456010190879352,0.004805738454922085,1.5456010190879352,1.5456010190879352,1.0408072296060717,1.5,1.0,1,1.5707963267948966,0,0,0,1,0.999822134213158,1.0000980348058477,1.0005319135262571,0.9998209524644096,1.0000897742274764,1.0005387335973528,2.000177865786842,0.9999019651941523,0.9994890620030877,2.0001790475355903,0.9999102257725235,0.9994826352820254
2025-07-07 14:08:38.230607,0.9882661700248718,0.09237849712371826,0.975763201713562,2.028743267059326,0.09737015515565872,1.0020408630371094,1.508504718542099,0.09487432613968849,0.9889020323753357,1.5455462981321955,0.004795904322839716,1.5455462981321955,1.5455462981321955,1.0408208402927894,1.5,1.0,1,1.5707963267948966,0,0,0,1,0.9998214090567162,1.0000978669116694,1.00053324350321,0.9998209524644096,1.0000897742274764,1.0005387335973528,2.0001785909432837,0.9999021330883305,0.9994877915985149,2.0001790475355903,0.9999102257725235,0.9994826352820254
2025-07-07 14:08:38.331549,0.9881661534309387,0.09245364367961884,0.9758095145225525,2.028714895248413,0.09730356186628342,1.0020525455474854,1.508440524339676,0.09487860277295113,0.9889310300350189,1.5455812955513384,0.004659408256024418,1.5455812955513384,1.5455812955513384,1.040890917667035,1.5,1.0,1,1.5707963267948966,0,0,0,1,0.9998222121085654,1.000095245846275,1.0005334849444245,0.9998202956374149,1.000088932724217,1.0005384768519414,2.0001777878914346,0.9999047541537249,0.9994875932056905,2.000179704362585,0.9999110672757829,0.9994828306117812
2025-07-07 14:08:38.437771,0.9883525967597961,0.09297068417072296,0.9755487442016602,2.028949737548828,0.09749928116798401,1.0019961595535278,1.5086511671543121,0.09523498266935349,0.988772451877594,1.5453861830208797,0.00435048909444025,1.5453861830208797,1.5453861830208797,1.0409430260047214,1.5,1.0,1,1.5707963267948966,0,0,0,1,0.9998202763812313,1.0000890465278314,1.0005383221270017,0.9998202956374149,1.000088932724217,1.0005384768519414,2.0001797236187686,0.9999109534721685,0.9994829732902906,2.000179704362585,0.9999110672757829,0.9994828306117812
2025-07-07 14:08:38.538632,0.9881207942962646,0.09202182292938232,0.9759222269058228,2.028609275817871,0.09706275910139084,1.0021504163742065,1.5083650350570679,0.09454229101538658,0.9890363216400146,1.5455940907966248,0.004843202074951359,1.5455940907966248,1.5455940907966248,1.0408312106866406,1.5,1.0,1,1.5707963267948966,0,0,0,1,0.9998219342781868,1.0000988568083677,1.0005323801486972,0.9998202956374149,1.000088932724217,1.0005384768519414,2.0001780657218133,0.9999011431916323,0.9994886258108479,2.000179704362585,0.9999110672757829,0.9994828306117812
2025-07-07 14:08:38.639879,0.988362193107605,0.09301136434078217,0.9755903482437134,2.0289247035980225,0.09755609184503555,1.0020239353179932,1.5086434483528137,0.09528372809290886,0.9888071417808533,1.5453986183842077,0.004366131677784586,1.5453986183842077,1.5453986183842077,1.0409081262589035,1.5,1.0,1,1.5707963267948966,0,0,0,1,0.9998204219538265,1.000089290409775,1.0005375803791454,0.9998202956374149,1.000088932724217,1.0005384768519414,2.0001795780461737,0.999910709590225,0.9994836683461591,2.000179704362585,0.9999110672757829,0.9994828306117812
2025-07-07 14:08:38.740412,0.9881009459495544,0.09141694754362106,0.9761396050453186,2.0284712314605713,0.09683052450418472,1.0021706819534302,1.5082860887050629,0.0941237360239029,0.9891551434993744,1.5457805732058851,0.005201834803518692,1.5457805732058851,1.5457805732058851,1.0407099762925205,1.5,1.0,1,1.5707963267948966,0,0,0,1,0.999823532099143,1.0001058583937967,1.0005267949679375,0.9998240574522819,1.0001042233414223,1.0005267593993006,2.000176467900857,0.9998941416062033,0.9994939319210244,2.000175942547718,0.9998957766585777,0.9994939804342939
2025-07-07 14:08:38.840958,0.9883327484130859,0.09335969388484955,0.9755276441574097,2.0289602279663086,0.09765587002038956,1.0020034313201904,1.5086464881896973,0.09550778195261955,0.9887655377388,1.5453596769970959,0.004127088749772941,1.5453596769970959,1.5453596769970959,1.0409730907360522,1.5,1.0,1,1.5707963267948966,0,0,0,1,0.9998204137533147,1.0000845373548466,1.000539316736667,0.9998240574522819,1.0001042233414223,1.0005267593993006,2.0001795862466856,0.9999154626451533,0.9994820322287309,2.000175942547718,0.9998957766585777,0.9994939804342939
2025-07-07 14:08:38.941091,0.9881813526153564,0.09245312213897705,0.9757808446884155,2.0287230014801025,0.0973300039768219,1.0020604133605957,1.5084521770477295,0.09489156305789948,0.9889206290245056,1.5455460320304286,0.00468534013594035,1.5455460320304286,1.5455460320304286,1.0408848748676391,1.5,1.0,1,1.5707963267948966,0,0,0,1,0.9998216675105183,1.0000957615789066,1.0005341373244763,0.9998240574522819,1.0001042233414223,1.0005267593993006,2.0001783324894817,0.9999042384210935,0.9994869640568191,2.000175942547718,0.9998957766585777,0.9994939804342939
2025-07-07 14:08:39.041916,0.9882077574729919,0.0929701030254364,0.975540816783905,2.0288045406341553,0.09736374765634537,1.001996636390686,1.5085061490535736,0.09516692534089088,0.9887687265872955,1.5453781031271745,0.004220846497627002,1.5453781031271745,1.5453781031271745,1.0409423036987067,1.5,1.0,1,1.5707963267948966,0,0,0,1,0.9998204658437754,1.0000863922871477,1.0005384965244064,0.9998240574522819,1.0001042233414223,1.0005267593993006,2.0001795341562247,0.9999136077128524,0.9994828049231514,2.000175942547718,0.9998957766585777,0.9994939804342939
2025-07-07 14:08:39.142550,0.9881353974342346,0.09204219281673431,0.9758744239807129,2.0286004543304443,0.09701448678970337,1.0021086931228638,1.5083679258823395,0.09452833980321884,0.9889915585517883,1.545587684127861,0.004777360202440403,1.545587684127861,1.545587684127861,1.0408076168086058,1.5,1.0,1,1.5707963267948966,0,0,0,1,0.999822025868027,1.0000974570575152,1.0005322009666682,0.9998222072381998,1.0000974664033833,1.0005321269350527,2.0001779741319727,0.9999025429424848,0.9994887860630327,2.0001777927618,0.9999025335966166,0.9994888644886878
2025-07-07 14:08:39.247896,0.9881801009178162,0.09281741082668304,0.9755654335021973,2.028712511062622,0.09727422147989273,1.002039909362793,1.5084463059902191,0.09504581615328789,0.9888026714324951,1.545358613358607,0.004281790273159958,1.545358613358607,1.545358613358607,1.0408786949472308,1.5,1.0,1,1.5707963267948966,0,0,0,1,0.9998200789929362,1.0000875031134413,1.0005380230268142,0.9998222072381998,1.0000974664033833,1.0005321269350527,2.0001799210070637,0.9999124968865586,0.9994832285569272,2.0001777927618,0.9999025335966166,0.9994888644886878
2025-07-07 14:08:39.358048,0.9881066083908081,0.09140447527170181,0.976182758808136,2.028460741043091,0.09685716778039932,1.0021798610687256,1.5082836747169495,0.09413082152605057,0.9891813099384308,1.5458128213699098,0.0052395053053822,1.5458128213699098,1.5458128213699098,1.040693183656079,1.5,1.0,1,1.5707963267948966,0,0,0,1,0.9998238670954257,1.000106580639755,1.0005258910117296,0.9998222072381998,1.0000974664033833,1.0005321269350527,2.000176132904574,0.999893419360245,0.9994947920855104,2.0001777927618,0.9999025335966166,0.9994888644886878
2025-07-07 14:08:39.458895,0.9882038831710815,0.09306510537862778,0.9754707217216492,2.028898239135742,0.0975092202425003,1.0019828081130981,1.5085510611534119,0.09528716281056404,0.9887267649173737,1.5453264536595468,0.004268925307621234,1.5453264536595468,1.5453264536595468,1.0410414897680356,1.5,1.0,1,1.5707963267948966,0,0,0,1,0.9998196118294491,1.0000875877630262,1.0005409395990743,0.9998222072381998,1.0000974664033833,1.0005321269350527,2.000180388170551,0.9999124122369738,0.9994805086629243,2.0001777927618,0.9999025335966166,0.9994888644886878
2025-07-07 14:08:39.560244,0.9882004261016846,0.09149787575006485,0.9761446118354797,2.0285542011260986,0.09696434438228607,1.002159595489502,1.5083773136138916,0.09423111006617546,0.9891521036624908,1.5457956357178213,0.005252742121439646,1.5457956357178213,1.5457956357178213,1.0406933452566012,1.5,1.0,1,1.5707963267948966,0,0,0,1,0.9998235973800425,1.0001068501949972,1.0005262493020477,0.9998227097437131,1.0000946008647342,1.0005336282710335,2.0001764026199575,0.9998931498050027,0.9994944481826658,2.000177290256287,0.9999053991352658,0.9994874834869109
2025-07-07 14:08:39.660685,0.9881431460380554,0.09296576678752899,0.9755300879478455,2.028779983520508,0.09742788225412369,1.0020332336425781,1.5084615647792816,0.09519682452082634,0.9887816607952118,1.545333632479433,0.004286453795208411,1.545333632479433,1.545333632479433,1.040983839803305,1.5,1.0,1,1.5707963267948966,0,0,0,1,0.9998196893942524,1.000087823734582,1.0005399928527337,0.9998227097437131,1.0000946008647342,1.0005336282710335,2.0001803106057476,0.9999121762654181,0.9994813891672633,2.000177290256287,0.9999053991352658,0.9994874834869109
2025-07-07 14:08:39.761599,0.9881675839424133,0.09251400828361511,0.9757968187332153,2.028733968734741,0.09736768901348114,1.0020534992218018,1.5084507763385773,0.09494084864854813,0.9889251589775085,1.5455686138968632,0.004662942397250632,1.5455686138968632,1.5455686138968632,1.0409089165948586,1.5,1.0,1,1.5707963267948966,0,0,0,1,0.9998220243400351,1.0000953600261926,1.000533995483244,0.9998227097437131,1.0000946008647342,1.0005336282710335,2.000177975659965,0.9999046399738074,0.999487111834652,2.000177290256287,0.9999053991352658,0.9994874834869109
2025-07-07 14:08:39.867646,0.9883124232292175,0.0927102118730545,0.9756481051445007,2.028902530670166,0.09752625972032547,1.0019736289978027,1.5086074769496918,0.09511823579668999,0.9888108670711517,1.5455030729774766,0.004626675778919545,1.5455030729774766,1.5455030729774766,1.040934195435515,1.5,1.0,1,1.5707963267948966,0,0,0,1,0.9998212117959031,1.000094677105254,1.0005357182304386,0.9998227097437131,1.0000946008647342,1.0005336282710335,2.000178788204097,0.9999053228947462,0.999485470077111,2.000177290256287,0.9999053991352658,0.9994874834869109
2025-07-07 14:08:39.968224,0.9881139397621155,0.09036938846111298,0.9765906929969788,2.028304100036621,0.09625765681266785,1.0023638010025024,1.5082090198993683,0.09331352263689041,0.9894772469997406,1.5460240911332603,0.005658964220860782,1.5460240911332603,1.5460240911332603,1.040526066147478,1.5,1.0,1,1.5707963267948966,0,0,0,1,0.9998255271700945,1.0001146357395572,1.0005191925469714,0.9998227943001305,1.000097513199747,1.0005333732573516,2.0001744728299053,0.9998853642604428,0.9995011475365455,2.0001772056998695,0.999902486800253,0.9994877450812191
2025-07-07 14:08:40.068796,0.9884166717529297,0.09358087182044983,0.9753864407539368,2.0287673473358154,0.09699435532093048,1.0021623373031616,1.5085920095443726,0.09528761357069016,0.9887743890285492,1.5450646314190413,0.003279991389175833,1.5450646314190413,1.5450646314190413,1.0407007873021858,1.5,1.0,1,1.5707963267948966,0,0,0,1,0.9998181187448854,1.0000667428756813,1.0005418010619442,0.9998227943001305,1.000097513199747,1.0005333732573516,2.0001818812551146,0.9999332571243187,0.9994795094441125,2.0001772056998695,0.999902486800253,0.9994877450812191
2025-07-07 14:08:40.169522,0.9880882501602173,0.09060459583997726,0.9765304327011108,2.028688430786133,0.0973627120256424,1.002055287361145,1.508388340473175,0.09398365393280983,0.9892928600311279,1.5462722705839944,0.006492396621360041,1.5462722705839944,1.5462722705839944,1.040935121061098,1.5,1.0,1,1.5707963267948966,0,0,0,1,0.9998259663216184,1.0001328351100374,1.0005193348797803,0.9998227943001305,1.000097513199747,1.0005333732573516,2.0001740336783818,0.9998671648899625,0.9995012099136316,2.0001772056998695,0.999902486800253,0.9994877450812191
2025-07-07 14:08:40.270010,0.988286018371582,0.09177087247371674,0.9760614633560181,2.028618574142456,0.09715873003005981,1.002112627029419,1.508452296257019,0.09446480125188828,0.9890870451927185,1.5457603704050766,0.005177306946584753,1.5457603704050766,1.5457603704050766,1.040672628031767,1.5,1.0,1,1.5707963267948966,0,0,0,1,0.9998233397809955,1.0001052627996063,1.0005267139094138,0.9998227943001305,1.000097513199747,1.0005333732573516,2.0001766602190045,0.9998947372003937,0.9994939916738986,2.0001772056998695,0.999902486800253,0.9994877450812191
2025-07-07 14:08:40.370853,0.9881850481033325,0.0931159183382988,0.9755319952964783,2.0288572311401367,0.09752718359231949,1.0020062923431396,1.5085211396217346,0.09532155096530914,0.988769143819809,1.5453622001439902,0.004237465165298307,1.5453622001439902,1.5453622001439902,1.0410182228048863,1.5,1.0,1,1.5707963267948966,0,0,0,1,0.9998201839701893,1.0000868931835112,1.0005398721476861,0.999819531439477,1.000091941345919,1.0005405957888762,2.0001798160298105,0.9999131068164889,0.9994815217438419,2.000180468560523,0.999908058654081,0.9994808513743142
2025-07-07 14:08:40.471056,0.9880785346031189,0.09202045947313309,0.97591632604599,2.028487205505371,0.09689382463693619,1.0020917654037476,1.508282870054245,0.09445714205503464,0.9890040457248688,1.5456428275310867,0.0046825714630261755,1.5456428275310867,1.5456428275310867,1.0407493001689612,1.5,1.0,1,1.5707963267948966,0,0,0,1,0.9998230378882964,1.00009538759709,1.0005302681379813,0.999819531439477,1.000091941345919,1.0005405957888762,2.000176962111704,0.99990461240291,0.9994906131924582,2.000180468560523,0.999908058654081,0.9994808513743142
